,target
55,1
160,0
178,0
86,0
79,1
208,0
111,1
77,0
288,0
47,1
186,0
106,1
43,0
117,0
136,1
65,1
125,0
46,0
210,0
230,0
219,0
123,1
285,1
68,1
45,1
256,0
262,0
91,1
30,0
24,1
48,0
131,0
42,0
244,0
296,1
8,1
261,1
12,1
40,1
201,0
228,1
141,1
72,1
205,1
263,0
71,1
217,0
248,1
13,0
27,0
250,0
222,0
75,0
82,0
181,1
16,1
257,0
277,0
286,1
94,0
2,1
31,1
251,1
121,1
147,0
204,0
134,0
103,0
240,0
158,1
223,1
39,0
177,1
293,1
119,1
202,0
14,0
233,0
154,1
273,0
171,0
38,1
215,0
60,1
156,1
197,0
152,0
185,0
19,0
249,0
207,1
112,0
61,0
32,1
284,1
148,0
37,1
247,1
182,0
120,1
109,1
50,0
76,1
165,0
11,0
174,1
149,0
218,0
115,0
189,1
143,1
56,1
226,0
173,0
264,1
59,0
20,0
122,0
126,1
199,1
10,0
193,1
142,0
292,1
41,0
0,0
253,0
18,0
146,1
246,1
36,1
73,1
5,0
53,0
118,1
209,1
108,1
129,0
271,0
58,0
231,1
229,1
241,0
26,0
225,0
140,0
124,1
78,0
25,0
128,0
44,1
276,0
130,0
150,0
301,1
170,1
74,1
52,1
138,1
70,0
96,1
283,0
144,0
203,0
95,1
89,0
299,1
254,0
159,0
51,0
269,0
83,1
17,0
297,1
188,1
151,0
267,1
227,0
180,1
220,0
15,0
84,0
252,0
279,0
49,0
260,0
63,0
274,1
57,1
234,0
258,0
235,1
4,0
99,0
107,1
113,1
7,0
29,1
127,1
81,0
100,0
291,0
196,0
69,1
259,1
179,0
92,0
211,1
212,0
85,0
80,0
97,1
28,0
164,0
191,1
167,0
145,1
153,1
237,1
175,1
114,1
22,1
224,1
243,1
161,1
133,0
54,1
35,0
139,0
110,1
105,0
176,0
9,1
213,1
294,1
184,1
268,1
